DRAG gradient 
0
0
0
0
0
0
0
0
0
0
0
0
0
0
0
0
0
0
0
0
0
0
0
0
0
0
0
0
0
0
0
0
0
0
0
0
0
0
0
0
0
0
0
0
0
0
0
0
0
0
0
0
0
0
0
0
0
0
0
0
0
0
0
0
0
0
0
0
0
0
0
0
0
0
0
0
0
0
0
0
0
0
0
0
0
0
0
0
0
0
0
0
0
0
0
0
0
0
0
0
0
0
0
0
0
0
0
0
0
0
0
0
0
0
0
0
0
0
0
0
0
0
0
0
0
0
0
0
0
0
0
0
0
0
0
0
0
0
0
0
0
0
0
0
0
0
0
0
0
0
0
0
0
0
0
0
0
0
0
0
0
0
0
0
0
0
0
0
0
0
0
0
0
0
0
0
0
0
0
0
0
0
0
0
0
0
0
0
0
0
0
0
0
0
0
0
0
0
0
0
0
0
0
0
0
0
0
0
0
0
0
0
0
0
0
0
0
0
0
0
0
0
0
0
0
0.00204679
0.000199313
0.000116053
0.00021907
0.00022862
0.00022279
0.000219495
0.000212417
0.000196389
0.000156191
7.19245e-05
-5.41714e-05
-0.000170644
-0.000186431
-8.99842e-05
0.000585927
-2.49257e-05
-3.86589e-05
2.40984e-06
2.27053e-05
4.86454e-05
6.94587e-05
7.884e-05
7.99251e-05
6.78138e-05
2.9185e-05
-4.07942e-05
-0.000116886
-0.000138375
-7.96289e-05
5.82755e-05
-6.42608e-05
-5.90376e-05
-4.57151e-05
-2.90995e-05
-7.82073e-06
6.21114e-06
1.13715e-05
1.32055e-05
1.19848e-05
1.27795e-06
-2.38038e-05
-1.26178e-05
2.10835e-05
2.85204e-05
2.6746e-05
1.81738e-05
8.33929e-06
3.62629e-06
3.33541e-06
3.31592e-06
2.35206e-06
2.88518e-06
7.52479e-06
1.51907e-05
1.91419e-05
1.28485e-05
-8.01682e-05
4.82875e-05
7.9674e-05
6.76493e-05
3.35071e-05
2.65454e-06
-4.13521e-06
5.59964e-06
1.26483e-05
1.18113e-05
1.42961e-05
3.27979e-05
6.43011e-05
7.91722e-05
4.84967e-05
-0.00017077
5.11451e-05
0.000104342
5.67154e-05
-3.81349e-05
-0.000110635
-0.000111751
-6.41479e-05
-2.14957e-05
-3.71157e-06
1.15679e-05
5.37382e-05
0.000119462
0.000146602
7.67315e-05
-0.000183539
3.8106e-05
6.17371e-05
-8.11216e-05
-0.000305974
-0.000470295
-0.000472144
-0.000349915
-0.000215171
-0.000126919
-6.47408e-05
1.26656e-05
0.000105979
0.000140286
5.03568e-05
-0.000104121
2.82221e-05
-3.58725e-05
-0.000319558
-0.000712812
-0.000229931
-0.000109943
-1.21735e-06
4.21267e-05
-1.66332e-05
-2.45704e-05
1.16487e-05
-0.000115291
-0.00044354
-0.000854007
-0.000332979
-0.000208804
-0.000103445
-4.96354e-05
-5.24707e-05
-3.08321e-07
-7.35604e-06
-9.17067e-05
-0.000263072
-0.000444916
-0.000200119
-0.000143937
-0.000372361
0.000474542
0.000833598
0.000877828
0.000801994
0.000688062
0.000560743
0.000443312
0.000361235
0.000327944
0.000339745
0.000377558
0.000403239
0.000356863
-0.000127238
0.000267752
0.000506624
0.00057894
0.000575547
0.000538001
0.000473629
0.000392005
0.00031368
0.00026248
0.000252945
0.000281034
0.000317483
0.000303723
-2.15012e-05
0.000103059
0.000181986
0.000208261
0.000240506
0.00029782
0.000345662
0.000336778
0.000264102
0.000173254
0.000118153
0.000114402
0.000137162
0.00014266
8.27237e-05
-0.00125445
-0.0018514
-0.00124313
0.000296633
0.00100629
-0.00133498
-0.00188721
-0.00113699
0.000357883
0.000689365
-0.00145482
-0.00191182
-0.00104889
0.000342271
0.000359252
-0.00158015
-0.00192904
-0.000984779
0.000281285
6.87049e-05
-0.00169717
-0.00193785
-0.000937204
0.000209605
-0.000148441
-0.00178302
-0.00191773
-0.000883103
0.000160625
-0.000277613
-0.00181995
-0.00185117
-0.000803785
0.000154529
-0.000322079
-0.00181043
-0.00174424
-0.000701109
0.00019144
-0.000298362
-0.00177497
-0.00162421
-0.00059495
0.000255984
-0.000228632
-0.00173818
-0.00152099
-0.000507771
0.000328968
-0.000132969
-0.00171688
-0.00145208
-0.000452389
0.000396357
-2.51454e-05
-0.00171724
-0.00142072
-0.000431198
0.000450429
8.69768e-05
-0.00173782
-0.0014222
-0.000442367
0.000486015
0.000198651
-0.001773
-0.0014495
-0.000484227
0.000497974
0.000306298
-0.00181538
-0.00149448
-0.000554016
0.000482922
0.000407908
-0.00185831
-0.00154743
-0.000644218
0.000442814
0.0005046
-0.00189908
-0.00159844
-0.000742257
0.000385453
0.000600731
-0.00194033
-0.00164067
-0.000835391
0.000319745
0.000700987
-0.00198646
-0.00167091
-0.000915933
0.000249264
0.000805511
-0.00203438
-0.00168297
-0.000978777
0.000171287
0.000906284
-0.00205655
-0.00164823
-0.00100451
8.69828e-05
0.000986196
-0.0019438
-0.00146569
-0.000920926
2.14225e-05
0.00100498
-0.00134047
-0.0008954
-0.000568484
1.97502e-05
0.000798142
0.00157772
0.000982405
0.00118854
0.00177744
0.00183711
0.00153209
0.000956921
0.00127209
0.00189816
0.00173114
0.00142158
0.000928645
0.001334
0.00193741
0.00153534
0.00128939
0.000905915
0.00138751
0.00193346
0.00131482
0.00114789
0.000885878
0.00143742
0.00191671
0.00111788
0.00101462
0.000876647
0.00149267
0.00191368
0.000977426
0.000904318
0.000886613
0.00155993
0.00194163
0.000909453
0.000820309
0.000914838
0.00163863
0.00200615
0.000914963
0.00075631
0.000952476
0.00172269
0.00210356
0.000984923
0.00070356
0.000990295
0.00180586
0.00222588
0.0011062
0.000655681
0.00102291
0.00188375
0.00236379
0.00126559
0.00060864
0.0010463
0.00195003
0.00250517
0.00145052
0.000558689
0.00105354
0.00199188
0.00263272
0.00164827
0.000501966
0.00103519
0.00199215
0.00272637
0.00184686
0.000436434
0.000985705
0.00193951
0.00277202
0.00203901
0.000363695
0.000909861
0.00183861
0.00277012
0.0022261
0.000287982
0.000822395
0.00171016
0.00273575
0.00241828
0.000212439
0.000739765
0.0015793
0.00268844
0.00262917
0.000136151
0.000670755
0.00146127
0.0026384
0.00286639
5.76429e-05
0.000614369
0.0013543
0.00257552
0.0031186
-9.89831e-06
0.000567814
0.0012396
0.00245769
0.00332906
-2.35617e-05
0.000524848
0.001067
0.00217107
0.00330352
2.95764e-05
0.000398178
0.000692451
0.00142367
0.00243485
0.00010991
